0.09554052352905273 0.08906745910644531 0.1176762580871582 0.09306168556213379 0.09714198112487793 0.12900662422180176 0.14833831787109375 0.16596770286560059 0.18259334564208984 0.15797829627990723 0.20062541961669922 0.24211835861206055 0.34604668617248535 0.6320736408233643 1.0488512516021729 1.929896593093872 3.8821523189544678 7.47664475440979
0.11414575576782227 0.10302376747131348 0.09302139282226562 0.09602141380310059 0.10102701187133789 0.1071634292602539 0.1201179027557373 0.14208436012268066 0.1461012363433838 0.17160272598266602 0.2081608772277832 0.24929046630859375 0.34729504585266113 0.5761446952819824 0.9926719665527344 1.9472558498382568 3.9213058948516846 7.384873628616333
0.11315369606018066 0.11762714385986328 0.11781501770019531 0.09902262687683105 0.10202264785766602 0.12671446800231934 0.13970613479614258 0.12801337242126465 0.15009188652038574 0.15703558921813965 0.19108963012695312 0.27606701850891113 0.3441591262817383 0.5852971076965332 1.0227718353271484 1.8608942031860352 3.747934103012085 7.339020490646362
0.11402463912963867 0.09602236747741699 0.11879539489746094 0.0980069637298584 0.10102295875549316 0.10815048217773438 0.1179816722869873 0.14191031455993652 0.15111780166625977 0.16303730010986328 0.1912217140197754 0.24810004234313965 0.3920891284942627 0.564868688583374 1.0244395732879639 1.8878531455993652 3.6644785404205322 7.377906799316406
0.1111917495727539 0.09902191162109375 0.09289669990539551 0.09702110290527344 0.10206937789916992 0.12798309326171875 0.12210845947265625 0.14333319664001465 0.15415096282958984 0.16303682327270508 0.1971750259399414 0.26635026931762695 0.36020946502685547 0.5494797229766846 0.9776556491851807 1.9993326663970947 3.638030767440796 7.46489405632019
0.09702301025390625 0.09106898307800293 0.13670825958251953 0.10111761093139648 0.10717511177062988 0.10702347755432129 0.1360313892364502 0.13403058052062988 0.15308785438537598 0.16308212280273438 0.1981065273284912 0.24912214279174805 0.4483156204223633 0.5377664566040039 0.9692654609680176 1.889312982559204 3.7678565979003906 7.353943109512329
0.11326122283935547 0.10103130340576172 0.09402060508728027 0.11409330368041992 0.10302162170410156 0.1090250015258789 0.14620161056518555 0.15665602684020996 0.15003323554992676 0.16013431549072266 0.19224214553833008 0.2644076347351074 0.3572871685028076 0.5789759159088135 0.9936730861663818 1.8731341361999512 3.7041513919830322 7.40061616897583
0.10106873512268066 0.09307193756103516 0.10966277122497559 0.09510231018066406 0.09906840324401855 0.10502386093139648 0.11908912658691406 0.14507818222045898 0.14603257179260254 0.16709542274475098 0.19110703468322754 0.25110483169555664 0.3431220054626465 0.5820167064666748 0.9806957244873047 1.8434231281280518 3.5845048427581787 7.799359321594238
0.11002469062805176 0.10202336311340332 0.1161651611328125 0.09700655937194824 0.10306906700134277 0.10607528686523438 0.12021541595458984 0.14410853385925293 0.1490330696105957 0.15814900398254395 0.20609378814697266 0.24811649322509766 0.3591346740722656 0.5662755966186523 1.0497150421142578 1.8791515827178955 3.8858890533447266 7.851814031600952
0.11115765571594238 0.10302400588989258 0.09333491325378418 0.09602737426757812 0.10107183456420898 0.10632562637329102 0.12168455123901367 0.14690542221069336 0.1470634937286377 0.16523218154907227 0.19115948677062988 0.25316953659057617 0.35334277153015137 0.577277421951294 1.0044689178466797 1.940131425857544 3.7153680324554443 7.7334277629852295
0.11110520362854004 0.10191512107849121 0.09319686889648438 0.09609532356262207 0.10210895538330078 0.12073445320129395 0.13608527183532715 0.14874267578125 0.1527423858642578 0.15737390518188477 0.1921072006225586 0.2543206214904785 0.3643462657928467 0.575484037399292 1.0282862186431885 1.8513309955596924 3.5732223987579346 7.424968957901001
0.11428523063659668 0.10144543647766113 0.1162724494934082 0.11507034301757812 0.10002255439758301 0.11810183525085449 0.13717055320739746 0.161149263381958 0.14609861373901367 0.17711091041564941 0.23709869384765625 0.24126243591308594 0.37226152420043945 0.5503385066986084 1.0286164283752441 2.052929401397705 3.930173635482788 8.075366973876953
0.11112189292907715 0.11402606964111328 0.11929941177368164 0.09702897071838379 0.10207605361938477 0.10708880424499512 0.11703109741210938 0.1400761604309082 0.14910197257995605 0.15808463096618652 0.19108271598815918 0.2611074447631836 0.3442838191986084 0.5667939186096191 0.9545817375183105 1.8653326034545898 3.7067933082580566 7.372941255569458
0.11302447319030762 0.11307787895202637 0.11962199211120605 0.0964207649230957 0.0980226993560791 0.11007547378540039 0.11813139915466309 0.1504383087158203 0.1490187644958496 0.16229891777038574 0.18519902229309082 0.24810409545898438 0.3523287773132324 0.578312873840332 1.021491527557373 1.841221809387207 3.837700605392456 7.53060507774353
0.12626433372497559 0.09703779220581055 0.10541343688964844 0.10006570816040039 0.10102534294128418 0.10507607460021973 0.11807775497436523 0.146683931350708 0.15407967567443848 0.16313910484313965 0.18608713150024414 0.2551712989807129 0.3463430404663086 0.5626547336578369 1.0489580631256104 1.9019739627838135 3.71421217918396 7.397281885147095
0.11008501052856445 0.1231241226196289 0.11035418510437012 0.09500980377197266 0.10102295875549316 0.10602402687072754 0.1170964241027832 0.1673266887664795 0.25239992141723633 0.1540834903717041 0.1891007423400879 0.24436211585998535 0.3683440685272217 0.5812819004058838 0.9982671737670898 1.8645884990692139 3.672936201095581 7.656930208206177
0.11408400535583496 0.0976870059967041 0.10660815238952637 0.0940713882446289 0.10202288627624512 0.12104344367980957 0.11716556549072266 0.15061640739440918 0.15072417259216309 0.15869498252868652 0.19409513473510742 0.2546517848968506 0.3562638759613037 0.5573623180389404 0.9790022373199463 1.8982751369476318 3.681079864501953 7.960267543792725
0.11119651794433594 0.10001802444458008 0.11659455299377441 0.0970609188079834 0.1000816822052002 0.12808465957641602 0.1180264949798584 0.15204668045043945 0.14716434478759766 0.1603565216064453 0.18637895584106445 0.24498558044433594 0.36325502395629883 0.5821835994720459 1.0225863456726074 1.892432451248169 3.7757129669189453 7.389361619949341
0.10353899002075195 0.09429931640625 0.11489653587341309 0.09635472297668457 0.10046935081481934 0.10864710807800293 0.12030482292175293 0.15384125709533691 0.15223383903503418 0.18161845207214355 0.18756937980651855 0.2686152458190918 0.39024996757507324 0.5664098262786865 1.0284078121185303 1.874880075454712 3.8273909091949463 7.57475733757019
0.11020278930664062 0.10132980346679688 0.11078834533691406 0.09730768203735352 0.10125064849853516 0.15091514587402344 0.12373638153076172 0.1384282112121582 0.149796724319458 0.16127872467041016 0.19361066818237305 0.26583337783813477 0.3530430793762207 0.563612699508667 1.00632905960083 1.8350794315338135 3.7826452255249023 7.4807822704315186
